camera_matrix:
- - 123438.37880156067
  - 0.0
  - 330.5671219103125
- - 0.0
  - 181778.69358962233
  - 203.90738376440945
- - 0.0
  - 0.0
  - 1.0
dist_coeff:
- - 57896.23541093288
  - 0.26492990514709586
  - -21.094381939656284
  - -20.895693990102586
  - 1.078439185472987e-06
