camera_matrix:
- - 388266.0887651697
  - 0.0
  - 436.8899717117987
- - 0.0
  - 379101.02450029703
  - -164.51611137850847
- - 0.0
  - 0.0
  - 1.0
dist_coeff:
- - 17771.866562870702
  - 14.219682846222373
  - -78.12057514546397
  - 23.277884734483543
  - 0.007805110602883089
