camera_matrix:
- - 2904.197037444723
  - 0.0
  - 464.4663883603779
- - 0.0
  - 2907.7893874341953
  - 477.69167893237824
- - 0.0
  - 0.0
  - 1.0
distortion_coefficients:
- - 2.273262259901894
  - -52.4018253033484
  - -0.027634859626186396
  - -0.10273800620950378
  - 400.3521245441081
rotation_vectors:
- - - 0.09587953692275718
  - - 0.16025505258750847
  - - -0.285030585203979
- - - 0.09599883628237316
  - - 0.16084366242302725
  - - -0.2851165033492981
- - - 0.09719286229417975
  - - 0.16032654729370985
  - - -0.2852506654860379
- - - 0.09694403174952806
  - - 0.1602310594700729
  - - -0.2852422574592168
- - - 0.0967516278928327
  - - 0.1608644573768598
  - - -0.28513247462956964
- - - 0.09539246301695672
  - - 0.15983355489191345
  - - -0.28505412159280036
- - - 0.09436105845677843
  - - 0.16064347798568254
  - - -0.2850204112291462
- - - 0.09592710265171289
  - - 0.16008491775605319
  - - -0.2849581845905958
- - - 0.09689417367182679
  - - 0.16098487803944578
  - - -0.2851780421506176
- - - 0.09723623858680881
  - - 0.1608299100385409
  - - -0.28512110303454635
- - - 0.09690073023408279
  - - 0.16047034161784676
  - - -0.2852360158774572
- - - 0.0949359699587302
  - - 0.15996824798246082
  - - -0.28509770815250907
- - - 0.0950008104392234
  - - 0.1606545271145223
  - - -0.2851553613526508
- - - 0.09541582382109134
  - - 0.15998582248568616
  - - -0.2851252224592692
- - - 0.09584122853974929
  - - 0.16058699249691408
  - - -0.2851441695358674
- - - 0.13849655199628738
  - - 0.08828904286428688
  - - -0.2668459455404534
- - - 0.137970361258474
  - - 0.08839516079948728
  - - -0.26684347987967
- - - 0.13853603469760264
  - - 0.08875527708563678
  - - -0.266923390360276
- - - 0.13809782581660665
  - - 0.08837150752429414
  - - -0.26682205720236907
- - - 0.13862732909132516
  - - 0.0883180559326429
  - - -0.26689511535402843
- - - 0.13820794022118388
  - - 0.08877218746529504
  - - -0.2668063858598213
- - - 0.13899107876353825
  - - 0.08812943969841258
  - - -0.26688667352820494
- - - 0.13873690986160647
  - - 0.08849949758620561
  - - -0.26685679050973343
- - - 0.13830850180728355
  - - 0.08822766824441236
  - - -0.2668528800166544
- - - 0.13902544395733515
  - - 0.08827317669012372
  - - -0.2669295510154077
- - - 0.13841200969847536
  - - 0.08823796064693033
  - - -0.2668938227482936
- - - 0.13780209733508447
  - - 0.08838248148987972
  - - -0.2668175962250658
- - - 0.13818541126927858
  - - 0.08798810658849932
  - - -0.2668767138113533
- - - 0.13778578923146223
  - - 0.08862734832270332
  - - -0.26684238194844967
- - - 0.13794925998577778
  - - 0.08771426002246308
  - - -0.26689009548303677
translation_vectors:
- - - 12.123637165645071
  - - 10.617760130320114
  - - 138.32745600505322
- - - 12.123438101416852
  - - 10.618781690479281
  - - 138.3253977940893
- - - 12.121834581842855
  - - 10.61717002421735
  - - 138.31514861223602
- - - 12.12035340182085
  - - 10.617237788868193
  - - 138.30268517600476
- - - 12.122443997918316
  - - 10.616613981099453
  - - 138.32212751490937
- - - 12.124289716954596
  - - 10.61677869606073
  - - 138.3337858478122
- - - 12.123056702652871
  - - 10.617121476775141
  - - 138.32133344967608
- - - 12.12326998686526
  - - 10.617295576350546
  - - 138.3205783337447
- - - 12.120652816453164
  - - 10.614415758981506
  - - 138.30535322527885
- - - 12.120428901870856
  - - 10.616244341196252
  - - 138.30171484169702
- - - 12.12223175297179
  - - 10.617352473103702
  - - 138.31886933491785
- - - 12.12242183653849
  - - 10.618322913459014
  - - 138.31714637875032
- - - 12.12253028121977
  - - 10.61739606797698
  - - 138.32387895746155
- - - 12.121007163837437
  - - 10.615374121228042
  - - 138.3108213031475
- - - 12.122920531712323
  - - 10.61776225961996
  - - 138.32197701181428
- - - 2.3838928732217606
  - - 5.938562951031275
  - - 91.70825259630284
- - - 2.3840719934135275
  - - 5.9364176856440265
  - - 91.7135030439769
- - - 2.3835866172043527
  - - 5.9373809916956874
  - - 91.70550913821369
- - - 2.3838847178493774
  - - 5.9354770338799
  - - 91.71061534976904
- - - 2.3834791759335228
  - - 5.935592317142364
  - - 91.70304092918111
- - - 2.3833809894437654
  - - 5.938670706093814
  - - 91.71071392416643
- - - 2.3840418768282805
  - - 5.935206533726898
  - - 91.71096023466598
- - - 2.3832774686330036
  - - 5.935952229596658
  - - 91.70240898123392
- - - 2.3833841228477226
  - - 5.936137907337794
  - - 91.70431125005223
- - - 2.384058869229981
  - - 5.935564307614036
  - - 91.7149638692305
- - - 2.383726243401478
  - - 5.933922498616473
  - - 91.69971604657734
- - - 2.3841375677833527
  - - 5.936998126124912
  - - 91.7187551975013
- - - 2.383986530438441
  - - 5.936368049070763
  - - 91.71245108972464
- - - 2.3841863572117985
  - - 5.933563669544821
  - - 91.71351940908049
- - - 2.3840778148131787
  - - 5.93375335552997
  - - 91.70812794224875
