camera_matrix:
- - 1010.0817127924207
  - 0.0
  - 705.5451399914829
- - 0.0
  - 1011.042495580464
  - 428.8384875366449
- - 0.0
  - 0.0
  - 1.0
distortion_coefficients:
- - 0.05195971722881866
  - -0.18852873579644588
  - -0.003761643928471331
  - 0.0007048440298136938
  - 0.23916247764348186
rotation_vectors:
- - - -0.0054050623936238145
  - - -0.020352176654359778
  - - -0.3848927834000264
- - - 0.01134885304729568
  - - -0.027655044490394347
  - - -0.5040502976283823
- - - 0.0004893328045335202
  - - -0.049852855683904074
  - - -0.6991828663227164
- - - -0.005327867656943826
  - - -0.019947835421743308
  - - -0.3793615421496975
- - - -0.019120559207407878
  - - 0.051270938485488055
  - - -0.8884788348451275
- - - -0.007456405182294017
  - - -0.01355522519442563
  - - -0.7556033450946997
- - - -0.002231723074771732
  - - -0.01708951425247161
  - - -0.9874322741116128
- - - 0.019045916570894522
  - - -0.06889837974063287
  - - -1.2230457070579384
- - - 0.017102878294824077
  - - -0.049589751369066314
  - - -1.5069179893109759
- - - 0.016832458213636266
  - - -0.004213256912771809
  - - 0.4968871818247883
- - - 0.00039544026881643883
  - - -0.03778487319034141
  - - 0.34605398405950166
- - - -0.14448939614817943
  - - -0.020562262355079373
  - - 0.18360837943869288
- - - -6.139966240197394e-06
  - - -0.006378441964971299
  - - 0.5378262482873236
- - - -0.06012830260854227
  - - -0.01486187188099507
  - - -0.11887809701870948
- - - 0.00037727657126943156
  - - 0.007680404860823563
  - - 1.1221299662909057
- - - -0.01721838898531463
  - - 0.008204938451532898
  - - -1.027675760434209
- - - -0.008106956177940071
  - - -0.0011927786667410695
  - - -0.9273309779930698
- - - -0.014973387036831683
  - - 0.002290393152624641
  - - -1.3087098640627606
- - - 0.003231467299864485
  - - 0.016399259043292907
  - - 1.539212710026398
- - - -0.012956199826132424
  - - -0.005193821061758784
  - - -0.4187507040648106
- - - -0.003449452769641835
  - - -0.005075204689686303
  - - -1.2764117445865244
- - - -0.03190319151587041
  - - 0.007553094468430033
  - - 1.5153211301472147
- - - 0.0008577947725212426
  - - -0.027977868364871972
  - - -1.395765665440501
- - - -0.0031701636122709277
  - - -0.03343426617063801
  - - -1.5494327901535871
- - - -0.006442948730653763
  - - -0.005470276235303927
  - - -1.137032254135715
- - - 0.00434966078337921
  - - 0.014846730711355519
  - - 1.5512258969674468
- - - 0.016918459918542964
  - - 0.01406148014619428
  - - 1.4238994251596766
- - - -0.001709900389388753
  - - -0.009280418062916946
  - - -0.3718152868736637
- - - 0.002165257844837703
  - - -0.01061385764392938
  - - -0.47898130242745507
translation_vectors:
- - - -4.360023213338358
  - - 15.566516830469428
  - - 49.0445904926663
- - - -2.231545734305607
  - - 11.618358208636982
  - - 48.9920907456382
- - - 0.17393899992674172
  - - 4.7568636016961685
  - - 48.891771024975434
- - - -4.469479524334258
  - - 15.740264550393489
  - - 49.04648121464473
- - - -22.5176444134218
  - - 6.762695978299192
  - - 48.8254219296391
- - - -7.68893226145358
  - - 22.980685152275534
  - - 49.01900095463533
- - - -2.222390551924345
  - - 15.703471634577486
  - - 49.03587028587314
- - - 1.4802350139236704
  - - 7.174622844403666
  - - 48.7390943720385
- - - 3.1266157589736654
  - - -3.5709689377248046
  - - 48.88133549431288
- - - -6.617077037978135
  - - 9.356729146587053
  - - 48.848529881174066
- - - -4.872299873671197
  - - 4.633280648022491
  - - 48.83411918165258
- - - -3.9247509067614
  - - -0.28064731605327553
  - - 49.12828972456814
- - - -7.207492027145869
  - - 10.569578547607945
  - - 48.90517510525925
- - - -4.24851586622859
  - - -9.971921691717341
  - - 49.14131730411497
- - - -7.9822824904069805
  - - -3.73908208788338
  - - 32.486603648943024
- - - -13.486352592249862
  - - 2.9538420117564286
  - - 32.499135536939356
- - - -14.899944912292307
  - - 11.849456425719533
  - - 32.527188904377674
- - - -18.423404662461905
  - - 10.342453617014256
  - - 32.494154538303135
- - - -9.808503732006374
  - - -2.8845137073905223
  - - 32.49535008291849
- - - -19.587960365000548
  - - 5.222879429330726
  - - 32.56364422324156
- - - -1.8238680777005531
  - - 8.972271261284567
  - - 32.40244926562423
- - - 5.827946857872048
  - - -11.296016195632356
  - - 32.57623580663044
- - - 0.10203833310462562
  - - 4.276244003613684
  - - 32.26117793964168
- - - 1.7196330209454356
  - - -1.9089240634327294
  - - 32.29523138469249
- - - -4.7563752423633625
  - - 14.097205393568489
  - - 32.49018599461728
- - - -7.7997518434618485
  - - 7.545308414749461
  - - 32.46616343105495
- - - -5.878856883389018
  - - 3.288122987422477
  - - 32.37711649759058
- - - -8.497985052350343
  - - 10.619343146926635
  - - 32.46484857066622
- - - -6.530518848202359
  - - 7.142858220952157
  - - 32.40372948394763
