camera_matrix:
- - 2904.199480064823
  - 0.0
  - 464.46172604032796
- - 0.0
  - 2907.789259409985
  - 477.687889253748
- - 0.0
  - 0.0
  - 1.0
distortion_coefficients:
- - 2.273231408997768
  - -52.398404337583706
  - -0.027635386436748
  - -0.10274083669977885
  - 400.3018141358184
rotation_vectors:
- - - 0.09588009104682622
  - - 0.16025889615191619
  - - -0.2850309740353251
- - - 0.09599939302623299
  - - 0.16084749541337454
  - - -0.2851168922577202
- - - 0.09719339714950471
  - - 0.160330378209061
  - - -0.28525105377968046
- - - 0.09694456985993807
  - - 0.16023489460982604
  - - -0.28524264590065435
- - - 0.0967521718619113
  - - 0.16086828361479807
  - - -0.2851328631185044
- - - 0.09539301572869101
  - - 0.15983740447742442
  - - -0.2850545097946556
- - - 0.09436163508013629
  - - 0.16064732612325267
  - - -0.2850208003791326
- - - 0.09592765320546169
  - - 0.1600887626004496
  - - -0.2849585731907193
- - - 0.09689471603933635
  - - 0.16098870015165911
  - - -0.28517843050735825
- - - 0.0972367772953954
  - - 0.16083373264969275
  - - -0.28512149147922794
- - - 0.09690126930919998
  - - 0.16047417282652734
  - - -0.2852364042446952
- - - 0.09493653101942842
  - - 0.15997210107844342
  - - -0.2850980967536841
- - - 0.09500137537955257
  - - 0.16065837388736723
  - - -0.2851557504177348
- - - 0.09541638114777548
  - - 0.1599896745358015
  - - -0.28512561130508957
- - - 0.09584178135485966
  - - 0.16059083188274928
  - - -0.28514455822827506
- - - 0.1384955821439435
  - - 0.08829318456532557
  - - -0.2668462554412479
- - - 0.13796939470751154
  - - 0.08839930699849922
  - - -0.2668437896101026
- - - 0.1385350701629399
  - - 0.08875941551535159
  - - -0.26692370051810016
- - - 0.13809685663863575
  - - 0.08837565181967857
  - - -0.2668223668281693
- - - 0.13862635723353472
  - - 0.08832219486961868
  - - -0.2668954251049158
- - - 0.13820697802402993
  - - 0.08877632999845254
  - - -0.26680669603387247
- - - 0.13899010252125643
  - - 0.08813357464739285
  - - -0.26688698314176396
- - - 0.13873593993490596
  - - 0.08850363498641399
  - - -0.26685710046205824
- - - 0.13830753102972662
  - - 0.08823181245869033
  - - -0.2668531897670294
- - - 0.1390262946176548
  - - 0.08827708453378724
  - - -0.26692988205315543
- - - 0.13841103759033105
  - - 0.0882421018376432
  - - -0.26689413232687065
- - - 0.1378011314397053
  - - 0.08838663116902144
  - - -0.26681790602692707
- - - 0.13818443916279963
  - - 0.08799225132339128
  - - -0.26687702325942103
- - - 0.13778482522004593
  - - 0.08863149424616626
  - - -0.2668426916120867
- - - 0.13794828239449575
  - - 0.08771840930799402
  - - -0.26689040457866
translation_vectors:
- - - 12.123858759698727
  - - 10.617941326737888
  - - 138.3273719323036
- - - 12.123659680033802
  - - 10.618962872940408
  - - 138.32531358082096
- - - 12.12205616440396
  - - 10.617351210106378
  - - 138.31506463250508
- - - 12.1205749649445
  - - 10.617418958302354
  - - 138.30260120776097
- - - 12.12266557756708
  - - 10.616795164360436
  - - 138.3220433744405
- - - 12.124511335891345
  - - 10.616959913002018
  - - 138.33370191948322
- - - 12.123278272074163
  - - 10.617302652611922
  - - 138.32124920752747
- - - 12.123491576960701
  - - 10.617476769100978
  - - 138.32049433572163
- - - 12.12087436783489
  - - 10.61459691950548
  - - 138.3052690810497
- - - 12.120650451120635
  - - 10.616425499334246
  - - 138.30163073853262
- - - 12.122453337465556
  - - 10.617533660199914
  - - 138.31878530564987
- - - 12.122643422855917
  - - 10.618504101809904
  - - 138.31706238623775
- - - 12.12275185974345
  - - 10.617577249318854
  - - 138.32379476807884
- - - 12.121228735604666
  - - 10.615555299728587
  - - 138.31073729293334
- - - 12.12314211445216
  - - 10.617943444370283
  - - 138.32189289954496
- - - 2.3840418298537194
  - - 5.938683972745991
  - - 91.70823735705616
- - - 2.3842209571021384
  - - 5.9365387126229585
  - - 91.7134877695562
- - - 2.3837355651124756
  - - 5.937502001615705
  - - 91.70549377183045
- - - 2.384033677734093
  - - 5.935598058030979
  - - 91.71060009780116
- - - 2.3836281236257646
  - - 5.935713331882464
  - - 91.70302569431166
- - - 2.3835299460834687
  - - 5.938791722462055
  - - 91.71069854879504
- - - 2.3841908386142747
  - - 5.935327562378236
  - - 91.71094505294221
- - - 2.383426413823615
  - - 5.93607324016993
  - - 91.70239369818853
- - - 2.383533073216997
  - - 5.936258925024125
  - - 91.7042960334537
- - - 2.3842063818363655
  - - 5.935685073441671
  - - 91.71493352218387
- - - 2.383875185953497
  - - 5.9340435105544245
  - - 91.6997008311431
- - - 2.384286540073669
  - - 5.937119160009993
  - - 91.71873992549573
- - - 2.3841354955972416
  - - 5.9364890818360125
  - - 91.71243592446915
- - - 2.384335318496262
  - - 5.933684692841962
  - - 91.71350407364991
- - - 2.3842267758414115
  - - 5.933874388136855
  - - 91.70811287424306
