camera_matrix:
- - 36905.71602460954
  - 0.0
  - 639.3622018368139
- - 0.0
  - 38507.67324666832
  - 480.30591224136
- - 0.0
  - 0.0
  - 1.0
distortion_coefficients:
- - -0.06799367093968016
  - 0.05033557791991043
  - 0.00510298969033607
  - -0.09242101830752282
  - 1.4712924476970143e-05
rotation_vectors:
- - - 0.25686101208402284
  - - -0.155896233667369
  - - 1.1153850780983776
- - - 0.2475294711843989
  - - 0.13589763664362234
  - - -1.018271420699821
- - - 0.24772979127638228
  - - 0.13653274556193587
  - - -0.9186643357504717
- - - -0.20835493144179854
  - - -0.19968423309612635
  - - -1.2983365670542364
- - - -0.22559513892554603
  - - 0.19303699813812888
  - - 1.5296346200716697
- - - 0.27262789701087575
  - - 0.04736477779832706
  - - -0.4112998977670991
- - - -0.24603078381333818
  - - -0.18936707434664127
  - - -1.2667835445557212
- - - -0.21844029844861698
  - - 0.21995986770551867
  - - 1.5056504228010168
- - - -0.2374402723966563
  - - -0.19804163941098568
  - - -1.3861916284364668
- - - -0.22778555688931604
  - - -0.2123699554016918
  - - -1.5376150384995888
- - - -0.2553548042226765
  - - -0.177925951158009
  - - -1.1282619171990689
- - - -0.24981919875477382
  - - 0.1894541638802253
  - - 1.542192464266715
- - - 0.24083267168030195
  - - -0.17926686771126954
  - - 1.4165148444642424
- - - 0.28152843472697014
  - - 0.05286488991976496
  - - -0.3701820373022036
- - - 0.2806988297697818
  - - 0.06389547651438733
  - - -0.47673839933400786
- - - 0.2568610120840225
  - - -0.15589623366736843
  - - 1.1153850780983778
- - - 0.2475294711843993
  - - 0.135897636643624
  - - -1.0182714206998207
- - - 0.24772979127638287
  - - 0.1365327455619361
  - - -0.9186643357504716
- - - -0.20835493144179754
  - - -0.19968423309612626
  - - -1.2983365670542364
- - - -0.22559513892554475
  - - 0.19303699813812808
  - - 1.5296346200716697
- - - 0.27262789701087675
  - - 0.047364777798328046
  - - -0.41129989776709897
- - - -0.24603078381333895
  - - -0.18936707434664177
  - - -1.2667835445557207
- - - -0.21844029844861734
  - - 0.219959867705518
  - - 1.5056504228010168
- - - -0.23744027239665552
  - - -0.1980416394109847
  - - -1.386191628436467
- - - -0.22778555688931668
  - - -0.21236995540169093
  - - -1.537615038499589
- - - -0.25535480422267487
  - - -0.17792595115801071
  - - -1.1282619171990687
- - - -0.24981919875477482
  - - 0.18945416388022482
  - - 1.5421924642667149
- - - 0.24083267168030234
  - - -0.17926686771126932
  - - 1.4165148444642424
- - - 0.28152843472697126
  - - 0.05286488991976425
  - - -0.3701820373022036
- - - 0.28069882976978044
  - - 0.06389547651438743
  - - -0.47673839933400763
translation_vectors:
- - - -5.856391713482761
  - - -5.179073313111417
  - - 1184.5971385413359
- - - -11.399080181004114
  - - 1.2382112564423517
  - - 1190.2474381117036
- - - -12.788665818276417
  - - 9.774948596730072
  - - 1192.6288964760777
- - - -16.3745749385573
  - - 8.345871130528781
  - - 1195.009717403731
- - - -7.728370101007236
  - - -4.382635632449641
  - - 1191.5000803832631
- - - -17.467889036039356
  - - 3.3880607787264285
  - - 1191.4643120446656
- - - 0.30236350753821967
  - - 7.01010105219261
  - - 1181.6735379450529
- - - 7.957889774100945
  - - -12.420575863062
  - - 1178.6320185846605
- - - 2.222348734332089
  - - 2.5249616562204045
  - - 1179.825713255225
- - - 3.8339287567734273
  - - -3.4055588497853275
  - - 1177.7464946111988
- - - -2.6139235322523464
  - - 11.90650950962155
  - - 1185.2722171514838
- - - -5.710466126375275
  - - 5.686065250054913
  - - 1193.005995594778
- - - -3.774749138348428
  - - 1.5800758775543085
  - - 1187.8404980272799
- - - -6.360719046713278
  - - 8.583019224029567
  - - 1185.2893704148398
- - - -4.402906486228531
  - - 5.263174532490966
  - - 1183.5085008456501
- - - -5.856391713482762
  - - -5.1790733131114175
  - - 1184.5971385413359
- - - -11.399080181004113
  - - 1.2382112564423509
  - - 1190.247438111703
- - - -12.788665818276417
  - - 9.774948596730072
  - - 1192.6288964760777
- - - -16.374574938557302
  - - 8.345871130528785
  - - 1195.0097174037314
- - - -7.728370101007238
  - - -4.382635632449642
  - - 1191.5000803832634
- - - -17.467889036039356
  - - 3.3880607787264285
  - - 1191.4643120446653
- - - 0.3023635075382191
  - - 7.010101052192607
  - - 1181.6735379450524
- - - 7.957889774100945
  - - -12.420575863062002
  - - 1178.6320185846607
- - - 2.2223487343320905
  - - 2.5249616562204054
  - - 1179.8257132552255
- - - 3.8339287567734273
  - - -3.4055588497853275
  - - 1177.7464946111988
- - - -2.613923532252346
  - - 11.90650950962155
  - - 1185.2722171514838
- - - -5.710466126375277
  - - 5.686065250054915
  - - 1193.0059955947784
- - - -3.7747491383484277
  - - 1.580075877554309
  - - 1187.8404980272799
- - - -6.360719046713278
  - - 8.583019224029568
  - - 1185.2893704148398
- - - -4.402906486228531
  - - 5.263174532490966
  - - 1183.5085008456506
