camera_matrix:
- - 2065.0039317247924
  - 0.0
  - 638.0360556895363
- - 0.0
  - 2099.4925074949124
  - 508.76623152240313
- - 0.0
  - 0.0
  - 1.0
distortion_coefficients:
- - 1.5727858410423798
  - 31.670945315507378
  - -0.07153663877117304
  - -0.19230035205479065
  - -1117.2383936285848
rotation_vectors:
- - - 0.2195121444166356
  - - 0.2146015717299568
  - - -0.289627776637181
- - - 0.21960727905821412
  - - 0.2149089956679496
  - - -0.2897000937419556
- - - 0.22020548205778323
  - - 0.2145465619397434
  - - -0.2897926596838782
- - - 0.22006699721042428
  - - 0.21452873818627763
  - - -0.2897969319963224
- - - 0.21999946202313167
  - - 0.21485333846334165
  - - -0.2896837534544589
- - - 0.2191894897999213
  - - 0.21438114436826333
  - - -0.28967083000112476
- - - 0.21870936023358345
  - - 0.21491284847551756
  - - -0.28967018299939634
- - - 0.21951600783539216
  - - 0.21450299460482397
  - - -0.2895562675792491
- - - 0.22007823192200018
  - - 0.2148984705184814
  - - -0.28972044249700374
- - - 0.22026689133923213
  - - 0.21480422267407853
  - - -0.28965524524935293
- - - 0.22005200146894774
  - - 0.21464643246700463
  - - -0.28978720956229653
- - - 0.21895018475589811
  - - 0.214523748084841
  - - -0.28973337087957923
- - - 0.21902842440611117
  - - 0.21491183464142877
  - - -0.28977991557800264
- - - 0.21923693233592176
  - - 0.21450701834256014
  - - -0.289743040776344
- - - 0.2194781614835759
  - - 0.21479862629049254
  - - -0.2897370087476755
translation_vectors:
- - - 3.7725322919034383
  - - 8.834057845148646
  - - 95.25353929690498
- - - 3.772429967152537
  - - 8.834946556386015
  - - 95.2508952105061
- - - 3.7715557030651343
  - - 8.83373520586129
  - - 95.24655651613514
- - - 3.770853547714507
  - - 8.833923594699145
  - - 95.2380610086431
- - - 3.7716492025661896
  - - 8.83295169605875
  - - 95.24944808390107
- - - 3.7728477711757935
  - - 8.833172257619536
  - - 95.25906294362886
- - - 3.7722293109042377
  - - 8.833293680337482
  - - 95.24695974724727
- - - 3.7726159296673902
  - - 8.833743666972369
  - - 95.24948268849096
- - - 3.770852529983766
  - - 8.830985798925076
  - - 95.23772596567281
- - - 3.7709140503728147
  - - 8.83285066933345
  - - 95.2360156513439
- - - 3.7717018319231506
  - - 8.833812923152035
  - - 95.24847026015277
- - - 3.772023096471093
  - - 8.834761290647469
  - - 95.24709181974877
- - - 3.771597224901533
  - - 8.83356529135714
  - - 95.24945005226935
- - - 3.770913255812059
  - - 8.831932089070841
  - - 95.2423354528431
- - - 3.7721522878933325
  - - 8.834055327127071
  - - 95.24928091885423
