camera_matrix:
- - 36905.71598345716
  - 0.0
  - 639.3622018333417
- - 0.0
  - 38507.67322214855
  - 480.3059122216741
- - 0.0
  - 0.0
  - 1.0
distortion_coefficients:
- - -0.06799329730460663
  - 0.04920756221465719
  - 0.005102989498646715
  - -0.0924210180409412
  - 1.4315565421036068e-05
rotation_vectors:
- - - 0.2568610134573631
  - - -0.15589623465901542
  - - 1.1153850780135242
- - - 0.24752947272469564
  - - 0.13589763744687788
  - - -1.0182714206136463
- - - 0.24772979284417687
  - - 0.1365327462444621
  - - -0.9186643356711289
- - - -0.2083549330754628
  - - -0.19968423411858896
  - - -1.2983365669577924
- - - -0.2255951401687477
  - - 0.1930369994883558
  - - 1.5296346199395536
- - - 0.27262789866978127
  - - 0.047364778097041774
  - - -0.4112998977232539
- - - -0.24603078527580763
  - - -0.1893670753035956
  - - -1.266783544446818
- - - -0.21844029986850597
  - - 0.2199598688425991
  - - 1.5056504226785152
- - - -0.23744027372486837
  - - -0.19804164051088652
  - - -1.3861916283196896
- - - -0.22778555808141387
  - - -0.21236995675446213
  - - -1.5376150383667013
- - - -0.25535480579172387
  - - -0.17792595202769904
  - - -1.1282619170997101
- - - -0.24981919999888308
  - - 0.18945416530080467
  - - 1.542192464125938
- - - 0.2408326729627449
  - - -0.1792668689764283
  - - 1.4165148443530289
- - - 0.28152843634867875
  - - 0.05286489023376016
  - - -0.37018203726976107
- - - 0.28069883136556484
  - - 0.06389547692722888
  - - -0.4767383992951164
translation_vectors:
- - - -5.856391713404293
  - - -5.179073310065926
  - - 1184.597137242434
- - - -11.39908018107315
  - - 1.2382112565049377
  - - 1190.2474368254943
- - - -12.788665818280675
  - - 9.77494859275731
  - - 1192.6288951834933
- - - -16.374574938413414
  - - 8.345871127154034
  - - 1195.009716091647
- - - -7.728370101142708
  - - -4.382635629842533
  - - 1191.5000791081143
- - - -17.46788903591699
  - - 3.3880607777515968
  - - 1191.4643107408233
- - - 0.30236350763471703
  - - 7.0101010494759
  - - 1181.6735366422006
- - - 7.957889774236754
  - - -12.420575856592954
  - - 1178.6320173258064
- - - 2.222348734482714
  - - 2.524961655645146
  - - 1179.825711960479
- - - 3.8339287569770844
  - - -3.405558847644587
  - - 1177.7464933352978
- - - -2.613923532175054
  - - 11.906509504507374
  - - 1185.2722158507981
- - - -5.710466126425537
  - - 5.6860652481075595
  - - 1193.0059943080153
- - - -3.774749138288139
  - - 1.5800758774379384
  - - 1187.8404967213173
- - - -6.360719046621244
  - - 8.583019220543456
  - - 1185.289369113002
- - - -4.4029064861241665
  - - 5.263174530586744
  - - 1183.5084995346322
