camera_matrix:
- - 345.9750344160308
  - 0.0
  - 405.1169648420514
- - 0.0
  - 306.3876899347665
  - 450.72605072899705
- - 0.0
  - 0.0
  - 1.0
distortion_coefficients:
- - 0.04494944879116632
  - 0.03124732367418487
  - 0.04390525435198059
  - -0.13174516136366954
  - -0.11463967800754117
rotation_vectors:
- - - 0.47240440271323436
  - - 0.10159969644482059
  - - 1.5477825838082886
- - - 0.43872920794267445
  - - 0.12545086291057822
  - - 1.5387280486150403
- - - 0.5036888942591815
  - - 0.3166781559099166
  - - 1.4586657065906452
- - - 0.0025280784567853036
  - - -1.7458362761649133
  - - 0.8186396993117699
- - - 0.5070624035504794
  - - 0.25698314983854165
  - - 1.4504544268272042
- - - 0.4594253944427592
  - - 0.27426595633812556
  - - 1.4860650890963596
- - - -0.09633692417770837
  - - -1.760025880668254
  - - 0.7502502782011363
- - - 0.6346554537005478
  - - -0.006840239358408176
  - - 1.6536934366370803
- - - -0.0013696606121197646
  - - -1.698574006228015
  - - 0.8040082101503953
- - - 0.49013703893530175
  - - 0.16454644833723156
  - - 1.503190025708155
- - - -0.0474460246829094
  - - 0.42916281352334873
  - - -1.5953150137230798
- - - 0.442323335882191
  - - 0.1508009665420994
  - - 1.4774592782314162
- - - 0.4798252859511101
  - - 0.2386169634919499
  - - 1.4518403585483175
- - - -0.16626998795703554
  - - -1.6615930576309361
  - - 0.8553868229415009
- - - -0.12989103172971933
  - - -1.5753498245381479
  - - 0.9006660772142425
translation_vectors:
- - - -22.452469269447825
  - - -36.69937646599105
  - - 44.31904138819136
- - - -23.997755494890054
  - - -38.827261243420345
  - - 47.34545977166178
- - - -21.95484678032986
  - - -35.797291666017905
  - - 42.77682677415362
- - - -26.100977876669383
  - - -41.80362806469025
  - - 51.366463283381265
- - - -25.602716117254566
  - - -40.72822548364623
  - - 49.485024977926756
- - - -21.33705120594947
  - - -35.08965448932017
  - - 41.971476990654004
- - - -22.46279679085967
  - - -36.54839906569837
  - - 44.090423242182304
- - - -27.24444810209717
  - - -42.99476381465424
  - - 53.20758570195326
- - - -27.227590907916376
  - - -43.47145483417969
  - - 53.08450082630773
- - - -24.27268774947086
  - - -39.04171147243515
  - - 47.36371028056304
- - - -33.18436153033659
  - - -41.08292597019159
  - - 60.76935798840996
- - - -27.586871477408597
  - - -43.744330676780024
  - - 53.833158890382066
- - - -26.408255410184438
  - - -41.98131032187203
  - - 51.119753172776264
- - - -26.523413151126398
  - - -41.889438372236114
  - - 51.8067874643919
- - - -28.002476100122863
  - - -44.149210882454426
  - - 54.551231728464
