camera_matrix:
- - 36905.716065649285
  - 0.0
  - 639.3622018383819
- - 0.0
  - 38507.67327147709
  - 480.3059122618427
- - 0.0
  - 0.0
  - 1.0
distortion_coefficients:
- - -0.06799404425140217
  - 0.05146359452104321
  - 0.005102989878607018
  - -0.09242101857323783
  - 1.5110283845574343e-05
rotation_vectors:
- - - 0.2568610107422104
  - - -0.1558962326974587
  - - 1.1153850781812873
- - - 0.24752946967929693
  - - 0.1358976358591103
  - - -1.0182714207840413
- - - 0.24772978974358856
  - - 0.13653274489363948
  - - -0.918664335828091
- - - -0.20835492984335305
  - - -0.19968423209611919
  - - -1.2983365671485427
- - - -0.22559513771127895
  - - 0.19303699681869912
  - - 1.5296346202007725
- - - 0.2726278953883302
  - - 0.04736477750657654
  - - -0.4112998978100208
- - - -0.24603078238225223
  - - -0.18936707341152137
  - - -1.2667835446622353
- - - -0.21844029705824033
  - - 0.21995986659489772
  - - 1.5056504229208334
- - - -0.23744027109857588
  - - -0.19804163833596616
  - - -1.3861916285506044
- - - -0.22778555572526166
  - - -0.21236995407733866
  - - -1.53761503862953
- - - -0.25535480268627114
  - - -0.1779259503068947
  - - -1.1282619172963388
- - - -0.24981919753626855
  - - 0.1894541624917651
  - - 1.5421924644044769
- - - 0.24083267042544473
  - - -0.1792668664750078
  - - 1.4165148445729825
- - - 0.2815284331398772
  - - 0.05286488961186645
  - - -0.37018203733397226
- - - 0.28069882820855374
  - - 0.06389547611042583
  - - -0.4767383993720686
- - - 0.2568610107422104
  - - -0.155896232697458
  - - 1.1153850781812873
- - - 0.2475294696792967
  - - 0.13589763585911038
  - - -1.0182714207840413
- - - 0.2477297897435895
  - - 0.1365327448936411
  - - -0.9186643358280909
- - - -0.208354929843356
  - - -0.19968423209612
  - - -1.2983365671485425
- - - -0.22559513771127632
  - - 0.19303699681869813
  - - 1.5296346202007725
- - - 0.2726278953883295
  - - 0.04736477750657512
  - - -0.4112998978100207
- - - -0.24603078238225087
  - - -0.18936707341152312
  - - -1.2667835446622353
- - - -0.21844029705824092
  - - 0.21995986659489802
  - - 1.5056504229208332
- - - -0.23744027109857593
  - - -0.19804163833596614
  - - -1.3861916285506042
- - - -0.22778555572526127
  - - -0.2123699540773396
  - - -1.5376150386295298
- - - -0.25535480268627125
  - - -0.1779259503068938
  - - -1.128261917296339
- - - -0.24981919753626725
  - - 0.18945416249176564
  - - 1.542192464404477
- - - 0.24083267042544557
  - - -0.17926686647500684
  - - 1.4165148445729827
- - - 0.28152843313987763
  - - 0.0528648896118664
  - - -0.3701820373339723
- - - 0.2806988282085532
  - - 0.06389547611042672
  - - -0.4767383993720687
- - - 0.2568610107422102
  - - -0.15589623269745845
  - - 1.1153850781812873
- - - 0.24752946967929704
  - - 0.1358976358591099
  - - -1.0182714207840413
- - - 0.24772978974358872
  - - 0.13653274489364048
  - - -0.918664335828091
- - - -0.20835492984335438
  - - -0.19968423209611996
  - - -1.2983365671485427
- - - -0.2255951377112779
  - - 0.19303699681869824
  - - 1.5296346202007725
- - - 0.2726278953883294
  - - 0.0473647775065765
  - - -0.41129989781002074
- - - -0.24603078238225165
  - - -0.18936707341152284
  - - -1.2667835446622355
- - - -0.21844029705824042
  - - 0.21995986659489702
  - - 1.5056504229208334
- - - -0.23744027109857618
  - - -0.1980416383359663
  - - -1.3861916285506042
- - - -0.22778555572526096
  - - -0.2123699540773394
  - - -1.53761503862953
- - - -0.25535480268627125
  - - -0.17792595030689448
  - - -1.1282619172963388
- - - -0.24981919753626797
  - - 0.18945416249176494
  - - 1.542192464404477
- - - 0.2408326704254445
  - - -0.17926686647500828
  - - 1.416514844572983
- - - 0.28152843313987724
  - - 0.052864889611866576
  - - -0.3701820373339723
- - - 0.2806988282085531
  - - 0.06389547611042669
  - - -0.47673839937206874
translation_vectors:
- - - -5.856391713499423
  - - -5.179073316126226
  - - 1184.5971398365068
- - - -11.399080180874341
  - - 1.2382112563425745
  - - 1190.2474393943346
- - - -12.7886658182121
  - - 9.774948600576545
  - - 1192.6288977650868
- - - -16.374574938640734
  - - 8.34587113379197
  - - 1195.0097187121992
- - - -7.728370100811428
  - - -4.382635635035204
  - - 1191.5000816549275
- - - -17.467889036100942
  - - 3.3880607796418323
  - - 1191.4643133449022
- - - 0.3023635075024201
  - - 7.010101054810643
  - - 1181.6735392441904
- - - 7.957889774026259
  - - -12.420575869424537
  - - 1178.6320198401445
- - - 2.22234873424211
  - - 2.52496165674451
  - - 1179.825714546283
- - - 3.833928756630305
  - - -3.4055588519142135
  - - 1177.7464958834732
- - - -2.6139235322688994
  - - 11.90650951458542
  - - 1185.2722184484446
- - - -5.7104661262650325
  - - 5.6860652519190795
  - - 1193.0059968781086
- - - -3.774749138347206
  - - 1.5800758776292232
  - - 1187.8404993295555
- - - -6.3607190467443075
  - - 8.583019227400541
  - - 1185.2893717129582
- - - -4.402906486271945
  - - 5.263174534315198
  - - 1183.5085021529821
- - - -5.856391713499423
  - - -5.179073316126226
  - - 1184.597139836507
- - - -11.39908018087434
  - - 1.2382112563425742
  - - 1190.2474393943344
- - - -12.788665818212097
  - - 9.774948600576542
  - - 1192.6288977650863
- - - -16.374574938640723
  - - 8.345871133791967
  - - 1195.0097187121985
- - - -7.728370100811431
  - - -4.382635635035206
  - - 1191.500081654928
- - - -17.467889036100942
  - - 3.388060779641832
  - - 1191.4643133449022
- - - 0.3023635075024194
  - - 7.010101054810642
  - - 1181.6735392441901
- - - 7.957889774026257
  - - -12.420575869424535
  - - 1178.6320198401443
- - - 2.2223487342421095
  - - 2.5249616567445106
  - - 1179.8257145462828
- - - 3.833928756630304
  - - -3.405558851914213
  - - 1177.7464958834732
- - - -2.6139235322689
  - - 11.90650951458542
  - - 1185.2722184484446
- - - -5.710466126265034
  - - 5.686065251919081
  - - 1193.005996878109
- - - -3.7747491383472074
  - - 1.5800758776292236
  - - 1187.8404993295558
- - - -6.360719046744307
  - - 8.58301922740054
  - - 1185.289371712958
- - - -4.402906486271945
  - - 5.263174534315197
  - - 1183.508502152982
- - - -5.856391713499423
  - - -5.179073316126226
  - - 1184.597139836507
- - - -11.399080180874341
  - - 1.2382112563425745
  - - 1190.2474393943346
- - - -12.7886658182121
  - - 9.774948600576545
  - - 1192.6288977650865
- - - -16.37457493864073
  - - 8.34587113379197
  - - 1195.0097187121992
- - - -7.728370100811432
  - - -4.382635635035205
  - - 1191.500081654928
- - - -17.467889036100946
  - - 3.388060779641832
  - - 1191.4643133449024
- - - 0.3023635075024202
  - - 7.010101054810642
  - - 1181.6735392441901
- - - 7.957889774026256
  - - -12.420575869424535
  - - 1178.6320198401443
- - - 2.2223487342421095
  - - 2.52496165674451
  - - 1179.8257145462828
- - - 3.8339287566303053
  - - -3.405558851914214
  - - 1177.7464958834735
- - - -2.6139235322688994
  - - 11.906509514585418
  - - 1185.2722184484446
- - - -5.7104661262650325
  - - 5.686065251919079
  - - 1193.0059968781086
- - - -3.7747491383472065
  - - 1.5800758776292234
  - - 1187.8404993295558
- - - -6.3607190467443075
  - - 8.58301922740054
  - - 1185.2893717129582
- - - -4.402906486271945
  - - 5.263174534315197
  - - 1183.508502152982
